4612545602.908113
-347121394462.273682
-41926600838.345284
-915803419288.129150
4243433559417.937012
9515838909250.671875
1691179771776.328613
-106584272817031.281250
7075796139268.809570
3025813991950.493164
-2834235941236.041992
-2408262037953.151367
-16440454272865.373047
9703502949300.943359
2584173239816.371094
-13511643436175.603516
-11596231314372.648438
46279807169240.625000
-9428174182435.824219
-52519194129758.320312
60068525817400.531250
-164468626992689.187500
7307899790496.840820
10418152398270.707031
17500486298112.617188
159326237778618.968750
-89136250240452.609375
79474309839806.359375
20881229777493.296875
-15587842306488.222656
80324488435156.812500
-36631790713405.164062
-170123919821244.437500
-92561200382340.421875
-88896162725572.437500
-126629690502345.515625
51587986762801.484375
360907513986036.062500
-18730337593849.500000
-124450874602433.718750
31512326962916.906250
54685291188947.117188
291739355005656.500000
63662950823907.242188
72714856063632.671875
-51844391221138.765625
128447725999033.968750
-77213668386290.375000
-199208355031302.531250
-93606140401436.296875
758836054731558.500000
-5303225390283.079102
80382275557012.484375
959954262315032.625000
68058928098155.328125
-191163132612471.593750
-107921865734547.390625
1213400996288359.250000
-73233641803715.531250
-140482840663830.671875
521011751234342.000000
-259718900946496.281250
-69694414549561.960938
-470671185742856.375000
126217628797913.171875
-1110574944907124.375000
-463293736792842.125000
-497106406375401.625000
415955375934098.562500
17160221768187.718750
-538093583493380.312500
-79059083415359.265625
-91820844095938.515625
113357146244730.656250
2432455146858932.500000
-416812030239533.437500
114174536010954.437500
53802373697358.335938
182392151871678.968750
1826223746075642.500000
357179107856912.625000
-606526807105125.500000
1584316021269318.000000
-4821954340637719.000000
-4312560169092795.000000
-180871064662699.437500
-7514033474504838.000000
510805978427547.250000
5064579832361994.000000
-544161015172886.562500
456534192455540.687500
-9329422681412.669922
-323563105924767.000000
-717220657251143.625000
-4272290122731841.000000
156969468327680.500000
-301396622413338.125000
-9901023132944778.000000
763527818830624.375000
-873285032152802.500000
398281693388192.062500
403129291110329.125000
4761706049502644.000000
-361761975963154.250000
-683902882290137.750000
6400904786604847.000000
-547523968911103.125000
-649312704386622.750000
-1938370423998275.500000
-72562734469906.734375
-464060097924977.312500
-331728030693937.375000
3435805637151540.000000
-1277905655566986.250000
770392611657962.375000
1362785169592370.500000
16740621930466450.000000
1096750286487599.375000
-1233359020111795.000000
759347171175671.000000
